INDEX

016161 Η 3, 13. 103111111ομ 0111106111 6,41.

Hss4, 1.8 0161116001 domi 11,18.01311.
016 161 Η.3,35.13131313,37.03133,.39
0191163 4,611. 3,3,3 3101101111 01610600103301’1,.77

H¹.4, aucupantium Η.4,01311360011303 ..33 0, 40.
0169136113 14, 38. 31313313 Η. Ξ113116111161113135711,3,3 6, ·
01691361 6, 39. 36 ,37 Α. 31. H. Diffgffiiiitntaiciifitgesit't2⁸¹4,

61316301911166616616116166111613616,0161111113 3, 37, 1111033, 35.

Differebant 3,4.0
0169116611 Η, 3,13,1311111113113Η. 0161111311 3, 31, 4, 30. 4, 68,
016 1736613 13,10. ¹ 01Η16113610334636,17,1011113 33,

01(911603 (Η,,,,.3336140 ..36) 10.

(113331003114, 79111 6111Η.016111131111 6,a.8
0169111131 legionem euneos 9311666161111116611186 53.

31. juventuti 1131133, 43. vireu 016111331393313 11, 33. 3

13,37.011113131 4,6. Η.1,3.1111161101
0169111313 3, 13, 3, 4. pauca H. 4, 73.
016911131111111111 1317. 011613111111,39.

3333611310 H. 4, 38, 0161111131131111111 13,,3

licebat H. 3, 10. 311103, 37, 01611311 3,.14
Dii 11131 34,.1 1638313013· 011111133113011191111 Η, .,4 69
33 33,81.01611311111101 13, 38,

’ 0169111111113 Η. 3,83. ’· 0161313111 hac 33, 31.

Displicent 0. 34. Disseruit 3, 81. 3, 36. 3, 43, 1,77,
031911101111113113111 (1.11, 3,17.3,,31 3, 36. 6, 39. 13, 33,
0169013111 aciem H. 3,,41 10333 34, 43. 14, 48. 13, 63. 16 7.
1681111111 (1301110610 Α, 33, (Η. 1,83. 1,90,,1 31.
Η,3,44,111101111111111 equites 3, 1, 3, 3)101111 a, 33 ,13, 34.
Rom. Η. 3, 38 (316114, 36. 10 6001100110οΗ
0169001 11166331οω10 copia 4, 3, 96, Η. 4, 57. ,13111111, 6. pauca
’ 37. 911 sexum 81 etatem 14, &modica H. 4, 40. apud Sena·
tuma, 6.
0169063191111931116133101113 Η. 01613016336 3, 33,
4,.36 turmae 4,33, 0166110131 3,79.1113313161113,
016906113116111113 3,7410130331- 38.
1303 13361113111111 H. 3, 016113311τὶ3 13, 41.
016110161111011133 13, 31.
0164113639 6,17,111111314,67.1)111110311 6,.44 14,13,1ν113’111“1
016 601 0,3,101110113,6, 101113,48.
01906013 Α. 33. 0111111111 1131113 1, 46
016901111 qaae 0. 34, 0111111131 hostem 3, 33.
0169031110111 0. 37. 016111010130113391613113131 13, 1.
016 tationem Ο. 3.1 0110 13, 40.
01 1113110013 0301311111. 14,1.13061111,30,
01631011ῑί0013 0. 1. 0116101111313111011111 3, 391130·

Disputatur 0. ..31 1103 74.
01690113.0.13,1>116111113111101 3,,36
0169016110 93111610 3,,60 0161011113 61101 Η. a, 11.
016901611011111313111111111 3,.11 Diffimilitudiuem 13, 67,

 

