IN com. mmm.

nim 565. 691116 1111111145 55 0. 19. 9111111116111111119111111
1101969115711111111111 (115.
4,45.Ρ1111115,61.111111ε191411 Dioerent H, 54.

11, 8. 9111115, 61. . 0111111111 1, 4ο. ,
nienssaur H.4,53. ,Βία111 1, 54. Β. 1, 41. 181,
011111 0. 59. 80. 1111111110.11.
n'mt 0550111111111 0.1.

mm 1,.41 016 Dicet 0..5

nmquam-maie 115, 0111 5,.59 11. 5580. 411111

, 1111116111. 4, 4.
Dicimus 0 51. 1
. DHH contrane 0. 54.

Dicat· H. 5,5. Dicitur H. 1, ω.

01111111 5 61. 4, 45- 11111111 Dico 05.

· ο111111111,6ο.ν111111111111 6. Dicor 4, 54

.·4⁰ . 1118119111111111 impune ι, 71·

nicam: 4, 7. 1111 16111111611111 5, 51. Heu .

1111111111 1, 85 , 0.,54 11814111, 18. 6111111
’01111111111111111111 ι,59. H. 5, 54. 5111111101. 1119111-
mavum t, 79. 565. 111111,45. 6,5.

nitu 51. 0181116111111111111 15,..16
Diem 14, 47. Diam 1,71

Dicebatur 5,.71 8111111161 1111111 61111111111111111111 4,

DHelHt 4,16.15’,56.1·1.4,8 01661111 1,49.611111,41 u,
0111611111 1,85.115111111,76. 15 11116111, 8. -
11111111,1ο.ο111111·14,51. 0181111111 H. 1, 9ο. Cesum
niueum 11.1,8 919111611111,54.
nenda 191111111511 1549. 01811111611111 H. 5, 37
111111811111111111 11, 57. 15, 0111111111 5,.56
58 1111111615, 58. 01811111111111161111 ²⁴2&-
1111111111 011. 0116.1191111,1116111111111111 1, 57
6861111110. 16. 51111110. 51 nietam· 1,1,1,99111111]11111-
1116111110 ,581 11111111 11, 5. 11111111, 11.
fimi? 65, 67. 0 7 0. 56 6166610666υὲ 600611.
Dicendum ,,5 49111 0. 51. 0. 011111 15, 55. dista 1111111114,
57 111058. 551181191111 5, 49611118
01111111111η11.171115169111115,65
Dicente 11111 11,.6 11,- ..54 11111111114,5ο.1111116111 4,71.
BHenHm aversatur 9119111- 018111611 2,65
»1245511 5391104198 1118811111 514651865589,
nicentium 8911. 0. 6⁵ H, 1411416384. 8568. 65731]
Utere 5,55.(1·1.1,1.1’,57. 4 811181191115,55.1111111111-
17. )0. 18 0. 51. 0 551911 1111111 15, 55. impudicum 15,
0. 51. 11111111, 79915. co· 19. 6119111115,46.1114“111,
mn 0. 5811111111 4,19. 65.
18111111,4 111111111518. 11-111811111 516 15, 1ο. 15, 55.
radium 511.111111111111111,11181111111 15, 11.
1811111116,7.1α111 0 16. Diam 15, 71
1116111111119.191111191611 1111111111911 814,

6111111111111 11.1,69. Hm 111811 1111,69.11111111111Η 1, ’

116111911161111111111018. 95.111111111,17.(1·1 1, 791,

 

